Center Value = , Measured T Pass =
1000, 21
1001, 19
1002, 19
1003, 19
1004, 19
1005, 18
1006, 19
1007, 19
1008, 19
1009, 18
1010, 19
1011, 19
1012, 19
1013, 21
1014, 21
1015, 19
1016, 19
1017, 18
1018, 20
1019, 20
1020, 19
1021, 17
1022, 18
1023, 19
1024, 19
1025, 18
1026, 18
1027, 18
1028, 19
1029, 20
1030, 19
1031, 19
1032, 19
1033, 20
1034, 20
1035, 18
1036, 18
1037, 18
1038, 20
1039, 19
1040, 18
1041, 17
1042, 19
1043, 19
1044, 19
1045, 19
1046, 20
1047, 19
1048, 19
1049, 20
1050, 20
1051, 19
1052, 19
1053, 18
1054, 19
1055, 19
1056, 18
1057, 18
1058, 19
1059, 20
1060, 18
1061, 18
1062, 19
1063, 19
1064, 20
1065, 20
1066, 19
1067, 19
1068, 19
1069, 19
1070, 19
1071, 18
1072, 18
1073, 17
1074, 20
1075, 19
1076, 18
1077, 19
1078, 19
1079, 20
1080, 20
1081, 20
1082, 19
1083, 19
1084, 19
1085, 19
1086, 19
1087, 17
1088, 18
1089, 18
1090, 19
1091, 18
1092, 18
1093, 19
1094, 20
1095, 20
1096, 20
1097, 19
1098, 19
1099, 18
1100, 20
1101, 19
1102, 18
1103, 19
1104, 18
1105, 19
1106, 19
1107, 19
1108, 18
1109, 19
1110, 20
1111, 20
1112, 20
1113, 19
1114, 19
1115, 19
1116, 19
1117, 18
1118, 18
1119, 18
1120, 19
1121, 18
1122, 19
1123, 18
1124, 18
1125, 20
1126, 20
1127, 20
1128, 19
1129, 19
1130, 19
1131, 20
1132, 19
1133, 18
1134, 18
1135, 19
1136, 18
1137, 18
1138, 19
1139, 19
1140, 19
1141, 20
1142, 20
1143, 19
1144, 19
1145, 19
1146, 20
1147, 19
1148, 18
1149, 18
1150, 18
1151, 19
1152, 19
1153, 18
1154, 19
1155, 19
1156, 19
1157, 20
1158, 20
1159, 19
1160, 19
1161, 20
1162, 19
1163, 18
1164, 18
1165, 18
1166, 20
1167, 19
1168, 18
1169, 17
1170, 19
1171, 19
1172, 19
1173, 18
1174, 19
1175, 18
1176, 19
1177, 19
1178, 19
1179, 18
1180, 18
1181, 19
1182, 20
1183, 18
1184, 18
1185, 17
1186, 20
1187, 19
1188, 18
1189, 19
1190, 19
1191, 20
1192, 20
1193, 19
1194, 19
1195, 18
1196, 19
1197, 20
1198, 18
1199, 18
1200, 18
1201, 19
1202, 20
1203, 18
1204, 19
1205, 18
1206, 21
1207, 20
1208, 20
1209, 19
1210, 19
1211, 19
1212, 19
1213, 18
1214, 19
1215, 18
1216, 20
1217, 18
1218, 19
1219, 17
1220, 18
1221, 20
1222, 21
1223, 20
1224, 19
1225, 18
1226, 19
1227, 19
1228, 19
1229, 18
1230, 18
1231, 19
1232, 19
1233, 18
1234, 18
1235, 18
1236, 19
1237, 20
1238, 19
1239, 19
1240, 19
1241, 19
1242, 19
1243, 19
1244, 17
1245, 18
1246, 19
1247, 19
1248, 18
1249, 18
1250, 19
1251, 19
1252, 19
1253, 18
1254, 19
1255, 19
1256, 21
1257, 20
1258, 20
1259, 19
1260, 18
1261, 18
1262, 19
1263, 19
1264, 18
1265, 18
1266, 20
1267, 19
1268, 18
1269, 19
1270, 19
1271, 19
1272, 20
1273, 19
1274, 19
1275, 19
1276, 18
1277, 18
1278, 19
1279, 17
1280, 18
1281, 19
1282, 20
1283, 18
1284, 18
1285, 18
1286, 20
1287, 20
1288, 20
1289, 19
1290, 19
1291, 18
1292, 18
1293, 20
1294, 18
1295, 19
1296, 18
1297, 19
1298, 19
1299, 19
1300, 18
1301, 20
1302, 21
1303, 20
1304, 19
1305, 18
1306, 19
1307, 19
1308, 19
1309, 17
1310, 18
1311, 18
1312, 20
1313, 19
1314, 19
1315, 18
1316, 18
1317, 20
1318, 20
1319, 19
1320, 19
1321, 18
1322, 19
1323, 19
1324, 17
1325, 18
1326, 18
1327, 19
1328, 20
1329, 17
1330, 18
1331, 18
1332, 19
1333, 20
1334, 19
1335, 19
1336, 20
1337, 19
1338, 20
1339, 19
1340, 18
1341, 18
1342, 17
1343, 19
1344, 20
1345, 19
1346, 19
1347, 18
1348, 20
1349, 20
1350, 21
1351, 20
1352, 19
1353, 19
1354, 19
1355, 19
1356, 19
1357, 20
1358, 19
1359, 19
1360, 19
1361, 19
1362, 20
1363, 20
1364, 20
1365, 21
1366, 20
1367, 20
1368, 20
1369, 19
1370, 20
1371, 19
1372, 20
1373, 21
1374, 20
1375, 21
1376, 21
1377, 20
1378, 20
1379, 19
1380, 20
1381, 20
1382, 21
1383, 21
1384, 21
1385, 21
1386, 22
1387, 22
1388, 21
1389, 21
1390, 22
1391, 22
1392, 21
1393, 22
1394, 22
1395, 22
1396, 22
1397, 22
1398, 25
1399, 24
1400, 24
1401, 23
1402, 24
1403, 24
1404, 22
1405, 24
1406, 25
1407, 24
1408, 26
1409, 26
1410, 27
1411, 26
1412, 28
1413, 29
1414, 31
1415, 29
1416, 31
1417, 30
1418, 32
1419, 31
1420, 31
1421, 32
1422, 33
1423, 32
1424, 33
1425, 36
1426, 36
1427, 38
1428, 40
1429, 43
1430, 43
1431, 44
1432, 47
1433, 46
1434, 49
1435, 47
1436, 50
1437, 50
1438, 55
1439, 56
1440, 59
1441, 62
1442, 63
1443, 70
1444, 74
1445, 82
1446, 89
1447, 97
1448, 98
1449, 103
1450, 110
1451, 114
1452, 126
1453, 130
1454, 154
1455, 172
1456, 150
1457, 169
1458, 206
1459, 413
1460, 826
1461, 1015
1462, 1034
1463, 1029
